[gd_scene load_steps=12 format=3 uid="uid://bv1djkeab7gu0"]

[ext_resource type="PackedScene" uid="uid://boxsa21rm5310" path="res://model/character/joy/JoyModel.glb" id="1_n5xem"]
[ext_resource type="Script" path="res://model/character/joy/player_controller.gd" id="2_lsdr0"]

[sub_resource type="AnimationNodeAnimation" id="AnimationNodeAnimation_jfdlo"]
animation = &"Idle"

[sub_resource type="AnimationNodeAnimation" id="AnimationNodeAnimation_0knqt"]
animation = &"Walk"

[sub_resource type="AnimationNodeBlendSpace1D" id="AnimationNodeBlendSpace1D_e3kn6"]
blend_point_0/node = SubResource("AnimationNodeAnimation_jfdlo")
blend_point_0/pos = 0.0
blend_point_1/node = SubResource("AnimationNodeAnimation_0knqt")
blend_point_1/pos = 0.2
value_label = "velocity"
sync = true

[sub_resource type="AnimationNodeAnimation" id="AnimationNodeAnimation_2sca7"]
animation = &"Kick"

[sub_resource type="AnimationNodeStateMachineTransition" id="AnimationNodeStateMachineTransition_534dn"]
advance_mode = 2

[sub_resource type="AnimationNodeStateMachineTransition" id="AnimationNodeStateMachineTransition_umypo"]
xfade_time = 0.4
switch_mode = 2
advance_mode = 2

[sub_resource type="AnimationNodeStateMachineTransition" id="AnimationNodeStateMachineTransition_lhi2u"]

[sub_resource type="AnimationNodeStateMachine" id="AnimationNodeStateMachine_y666b"]
states/IdleWalk/node = SubResource("AnimationNodeBlendSpace1D_e3kn6")
states/IdleWalk/position = Vector2(521, 119)
states/Kick/node = SubResource("AnimationNodeAnimation_2sca7")
states/Kick/position = Vector2(658, 119)
states/Start/position = Vector2(239, 114)
transitions = ["Start", "IdleWalk", SubResource("AnimationNodeStateMachineTransition_534dn"), "Kick", "IdleWalk", SubResource("AnimationNodeStateMachineTransition_umypo"), "IdleWalk", "Kick", SubResource("AnimationNodeStateMachineTransition_lhi2u")]
graph_offset = Vector2(142, -3)

[sub_resource type="CapsuleShape3D" id="CapsuleShape3D_jtvge"]
radius = 0.359738
height = 1.68461

[node name="Joy" instance=ExtResource("1_n5xem")]
script = ExtResource("2_lsdr0")

[node name="Skeleton3D" parent="Armature" index="0"]
bones/0/position = Vector3(-6.63772e-19, 0.73907, -0.00330042)
bones/0/rotation = Quaternion(-0.0132604, 3.56693e-18, 5.01868e-18, 0.999912)
bones/2/rotation = Quaternion(0.0343394, -3.02764e-19, -5.22254e-18, 0.99941)
bones/3/rotation = Quaternion(0.00923413, -1.19204e-07, -1.10079e-09, 0.999957)
bones/4/rotation = Quaternion(-0.0791165, 2.84217e-14, 1.88629e-08, 0.996865)
bones/9/rotation = Quaternion(-0.142852, 0.0965651, 0.979086, 0.107975)
bones/10/rotation = Quaternion(-0.150154, -0.0386955, -0.0114004, 0.987839)
bones/14/rotation = Quaternion(0.138826, 0.116632, 0.977256, -0.109977)
bones/15/rotation = Quaternion(-0.198383, 0.0383593, 0.0150623, 0.979258)
bones/21/rotation = Quaternion(0.728318, 0.0689878, -0.673456, -0.106066)
bones/22/rotation = Quaternion(-1.85204e-08, -1.21127e-08, 0.221579, 0.975143)
bones/24/rotation = Quaternion(0.72683, -0.0688165, 0.675448, -0.103694)
bones/25/rotation = Quaternion(-1.56207e-08, 1.3529e-08, -0.22184, 0.975083)
bones/29/position = Vector3(-0.237751, 0.788518, 0.030146)
bones/29/rotation = Quaternion(0.0478392, 0.732844, 0.676733, 0.0518057)
bones/32/position = Vector3(-0.141816, 0.153356, 0.0252958)
bones/32/rotation = Quaternion(-0.433106, 0.433106, 0.558945, -0.558945)
bones/37/position = Vector3(0.237751, 0.792405, 0.0277545)
bones/37/rotation = Quaternion(-0.0965806, 0.699066, 0.701946, -0.0961844)
bones/40/position = Vector3(0.139473, 0.153356, 0.0280495)
bones/40/rotation = Quaternion(0.458367, 0.458367, 0.538424, 0.538424)

[node name="Earings" parent="Armature/Skeleton3D" index="0"]
transform = Transform3D(1, 6.46363e-11, 5.69571e-11, -6.42757e-11, 0.999981, -0.00613966, -5.7355e-11, 0.00613965, 0.999981, -1.10041e-10, -0.0159197, -0.00893474)

[node name="Hair" parent="Armature/Skeleton3D" index="1"]
transform = Transform3D(1, 6.46363e-11, 5.69571e-11, -6.42757e-11, 0.999981, -0.00613966, -5.7355e-11, 0.00613965, 0.999981, -1.10041e-10, -0.0159197, -0.00893474)

[node name="Head_2" parent="Armature/Skeleton3D" index="2"]
transform = Transform3D(1, 8.43237e-11, 2.07422e-10, -8.30429e-11, 0.999981, -0.00613961, -2.07962e-10, 0.00613961, 0.999981, -4.63832e-11, -0.0159198, -0.00893471)

[node name="Neck_2" parent="Armature/Skeleton3D" index="3"]
transform = Transform3D(1, -2.42015e-09, 9.45421e-09, 4.37683e-09, 0.97709, -0.212828, -8.72251e-09, 0.212828, 0.977089, -2.05151e-09, 0.0180115, -0.280126)

[node name="Forearm_L_2" parent="Armature/Skeleton3D" index="4"]
transform = Transform3D(0.918957, -0.260203, -0.296337, 0.284938, 0.957591, 0.0427782, 0.272639, -0.123749, 0.954125, 0.32125, 0.0771732, 0.195659)

[node name="Arm_L_2" parent="Armature/Skeleton3D" index="5"]
transform = Transform3D(0.926068, -0.251467, -0.281362, 0.290678, 0.950828, 0.106925, 0.240639, -0.180805, 0.953626, 0.312998, 0.0805579, 0.245695)

[node name="Shoulder_L" parent="Armature/Skeleton3D" index="6"]
transform = Transform3D(0.926068, -0.251467, -0.281362, 0.290678, 0.950828, 0.106925, 0.240639, -0.180805, 0.953626, 0.312998, 0.0805579, 0.245695)

[node name="Forearm_R_2" parent="Armature/Skeleton3D" index="7"]
transform = Transform3D(0.914182, 0.26595, 0.305851, -0.275374, 0.961252, -0.0127652, -0.297396, -0.0725535, 0.951994, -0.324797, 0.0766807, 0.158724)

[node name="Arm_R_2" parent="Armature/Skeleton3D" index="8"]
transform = Transform3D(0.931725, 0.244501, 0.268535, -0.290272, 0.945733, 0.146054, -0.218252, -0.21403, 0.952133, -0.304515, 0.0839874, 0.282739)

[node name="Shoulder_R" parent="Armature/Skeleton3D" index="9"]
transform = Transform3D(0.931725, 0.244501, 0.268535, -0.290272, 0.945733, 0.146054, -0.218252, -0.21403, 0.952133, -0.304515, 0.0839874, 0.282739)

[node name="Chest_2" parent="Armature/Skeleton3D" index="10"]
transform = Transform3D(1, 1.66737e-09, -6.59781e-09, -1.43752e-09, 0.999398, 0.0346853, 6.65168e-09, -0.0346853, 0.999398, -2.38651e-09, -0.0162822, 0.0299845)

[node name="Torso_2" parent="Armature/Skeleton3D" index="11"]
transform = Transform3D(1, -2.7603e-18, 1.71582e-20, 2.7603e-18, 0.999923, -0.0124312, 1.71574e-20, 0.0124312, 0.999923, 1.42313e-18, -0.0168779, -0.0183666)

[node name="Calf_L_2" parent="Armature/Skeleton3D" index="12"]
transform = Transform3D(0.995583, 0.0707046, -0.0616451, -0.0596114, 0.984291, 0.16619, 0.0724264, -0.161782, 0.984165, -0.0502425, -0.00807571, 0.0311477)

[node name="Calf_R_2" parent="Armature/Skeleton3D" index="13"]
transform = Transform3D(0.996113, -0.0665696, 0.0575556, 0.0559201, 0.98384, 0.170098, -0.0679484, -0.16622, 0.983745, 0.0473203, -0.00773764, 0.0341405)

[node name="Hand_L_2" parent="Armature/Skeleton3D" index="14"]
transform = Transform3D(0.889888, -0.456179, 1.30385e-07, 0.454735, 0.887072, 0.079488, -0.0362609, -0.0707353, 0.996836, 0.465598, 0.195978, 0.0390567)

[node name="Shoe_L_2" parent="Armature/Skeleton3D" index="15"]
transform = Transform3D(0.968329, -2.97923e-07, 0.249678, 2.30745e-07, 1, -2.68221e-07, -0.249677, -1.49089e-07, 0.968329, -0.0504738, -1.19209e-07, -0.0258435)

[node name="Hand_R_2" parent="Armature/Skeleton3D" index="16"]
transform = Transform3D(0.942293, 0.33479, 5.40167e-08, -0.334787, 0.942285, -0.00411147, -0.00137644, 0.00387409, 0.999992, -0.381431, 0.113571, -0.013254)

[node name="Shoe_R_2" parent="Armature/Skeleton3D" index="17"]
transform = Transform3D(0.987182, 2.80066e-07, -0.1596, -2.30745e-07, 1, -2.68221e-07, 0.1596, -2.00367e-07, 0.987182, 0.0438163, -1.63913e-07, -0.0144759)

[node name="AnimationTree" type="AnimationTree" parent="." index="2"]
tree_root = SubResource("AnimationNodeStateMachine_y666b")
anim_player = NodePath("../AnimationPlayer")
parameters/IdleWalk/blend_position = 0.0

[node name="CollisionShape3D" type="CollisionShape3D" parent="." index="3"]
transform = Transform3D(1, 0, 0, 0, 1, 0, 0, 0, 1, 0, 0.843597, 0)
shape = SubResource("CapsuleShape3D_jtvge")
