[gd_scene load_steps=12 format=3 uid="uid://bv1djkeab7gu0"]

[ext_resource type="PackedScene" uid="uid://boxsa21rm5310" path="res://asset/model/character/joy/JoyModel.glb" id="1_n5xem"]
[ext_resource type="Script" path="res://script/player_controller.gd" id="2_lsdr0"]

[sub_resource type="AnimationNodeAnimation" id="AnimationNodeAnimation_jfdlo"]
animation = &"Idle"

[sub_resource type="AnimationNodeAnimation" id="AnimationNodeAnimation_0knqt"]
animation = &"Walk"

[sub_resource type="AnimationNodeBlendSpace1D" id="AnimationNodeBlendSpace1D_e3kn6"]
blend_point_0/node = SubResource("AnimationNodeAnimation_jfdlo")
blend_point_0/pos = 0.0
blend_point_1/node = SubResource("AnimationNodeAnimation_0knqt")
blend_point_1/pos = 0.2
value_label = "velocity"
sync = true

[sub_resource type="AnimationNodeAnimation" id="AnimationNodeAnimation_2sca7"]
animation = &"Kick"

[sub_resource type="AnimationNodeStateMachineTransition" id="AnimationNodeStateMachineTransition_534dn"]
advance_mode = 2

[sub_resource type="AnimationNodeStateMachineTransition" id="AnimationNodeStateMachineTransition_umypo"]
xfade_time = 0.4
switch_mode = 2
advance_mode = 2

[sub_resource type="AnimationNodeStateMachineTransition" id="AnimationNodeStateMachineTransition_lhi2u"]

[sub_resource type="AnimationNodeStateMachine" id="AnimationNodeStateMachine_y666b"]
states/IdleWalk/node = SubResource("AnimationNodeBlendSpace1D_e3kn6")
states/IdleWalk/position = Vector2(521, 119)
states/Kick/node = SubResource("AnimationNodeAnimation_2sca7")
states/Kick/position = Vector2(658, 119)
states/Start/position = Vector2(239, 114)
transitions = ["Start", "IdleWalk", SubResource("AnimationNodeStateMachineTransition_534dn"), "Kick", "IdleWalk", SubResource("AnimationNodeStateMachineTransition_umypo"), "IdleWalk", "Kick", SubResource("AnimationNodeStateMachineTransition_lhi2u")]
graph_offset = Vector2(142, -3)

[sub_resource type="CapsuleShape3D" id="CapsuleShape3D_jtvge"]
radius = 0.359738
height = 1.68461

[node name="Joy" instance=ExtResource("1_n5xem")]
script = ExtResource("2_lsdr0")

[node name="Skeleton3D" parent="Armature" index="0"]
bones/0/position = Vector3(-6.63771e-19, 0.753871, -0.00330041)
bones/0/rotation = Quaternion(0.00500017, 3.42093e-18, 9.13713e-18, 0.999988)
bones/2/rotation = Quaternion(0.0206049, -4.7925e-19, -8.26682e-18, 0.999788)
bones/3/rotation = Quaternion(0.00923413, -1.19204e-07, -1.10079e-09, 0.999957)
bones/4/rotation = Quaternion(-0.0791165, 2.84217e-14, 1.88629e-08, 0.996865)
bones/9/rotation = Quaternion(-0.14248, 0.0953872, 0.979167, 0.108782)
bones/10/rotation = Quaternion(-0.154758, -0.0386675, -0.0117501, 0.987126)
bones/14/rotation = Quaternion(0.139573, 0.102625, 0.978736, -0.109832)
bones/15/rotation = Quaternion(-0.177705, 0.0385152, 0.0134923, 0.983237)
bones/21/rotation = Quaternion(0.732895, -0.00957363, -0.679588, -0.0305491)
bones/22/rotation = Quaternion(-5.86978e-09, -1.3401e-08, 0.0629369, 0.998017)
bones/24/rotation = Quaternion(0.731315, 0.00925743, 0.681383, -0.0284398)
bones/25/rotation = Quaternion(-5.665e-09, 1.16403e-08, -0.064085, 0.997944)
bones/29/position = Vector3(-0.237751, 0.803618, 0.0346301)
bones/29/rotation = Quaternion(0.0490322, 0.71689, 0.693611, 0.0506779)
bones/32/position = Vector3(-0.141816, 0.153356, 0.0252958)
bones/32/rotation = Quaternion(-0.433106, 0.433106, 0.558945, -0.558945)
bones/37/position = Vector3(0.237751, 0.805857, 0.0322386)
bones/37/rotation = Quaternion(-0.102005, 0.657111, 0.741368, -0.0904118)
bones/40/position = Vector3(0.139473, 0.153356, 0.0280495)
bones/40/rotation = Quaternion(0.458367, 0.458367, 0.538424, 0.538424)

[node name="Earings" parent="Armature/Skeleton3D" index="0"]
transform = Transform3D(1, 6.47891e-11, 5.65592e-11, -6.39204e-11, 0.999885, -0.0151815, -5.75398e-11, 0.0151816, 0.999885, -1.10232e-10, -0.001109, -0.00833618)

[node name="Earings" parent="Armature/Skeleton3D/Earings" index="0"]
layers = 1048575

[node name="Hair" parent="Armature/Skeleton3D" index="1"]
transform = Transform3D(1, 6.47891e-11, 5.65592e-11, -6.39204e-11, 0.999885, -0.0151815, -5.75398e-11, 0.0151816, 0.999885, -1.10232e-10, -0.001109, -0.00833618)

[node name="Hair" parent="Armature/Skeleton3D/Hair" index="0"]
layers = 1048575

[node name="Head_2" parent="Armature/Skeleton3D" index="2"]
transform = Transform3D(1, 8.44764e-11, 2.07024e-10, -8.13234e-11, 0.999885, -0.0151815, -2.08317e-10, 0.0151815, 0.999885, -4.65749e-11, -0.00110912, -0.00833614)

[node name="Head_2" parent="Armature/Skeleton3D/Head_2" index="0"]
layers = 1048575

[node name="Neck_2" parent="Armature/Skeleton3D" index="3"]
transform = Transform3D(1, -2.4202e-09, 9.45381e-09, 4.45548e-09, 0.975125, -0.221655, -8.68218e-09, 0.221655, 0.975125, -2.05144e-09, 0.0352727, -0.279209)

[node name="Neck_2" parent="Armature/Skeleton3D/Neck_2" index="0"]
layers = 1048575

[node name="Forearm_L_2" parent="Armature/Skeleton3D" index="4"]
transform = Transform3D(0.918406, -0.260343, -0.297917, 0.279549, 0.959856, 0.0229818, 0.279974, -0.104389, 0.954315, 0.321112, 0.0890722, 0.18688)

[node name="Forearm_L_2" parent="Armature/Skeleton3D/Forearm_L_2" index="0"]
layers = 1048575

[node name="Arm_L_2" parent="Armature/Skeleton3D" index="5"]
transform = Transform3D(0.926542, -0.250344, -0.280802, 0.286681, 0.95319, 0.0961382, 0.243591, -0.169576, 0.954938, 0.311669, 0.0920147, 0.244)

[node name="Arm_L_2" parent="Armature/Skeleton3D/Arm_L_2" index="0"]
layers = 1048575

[node name="Shoulder_L" parent="Armature/Skeleton3D" index="6"]
transform = Transform3D(0.926542, -0.250344, -0.280802, 0.286681, 0.95319, 0.0961382, 0.243591, -0.169576, 0.954938, 0.311669, 0.0920147, 0.244)

[node name="Shoulder_L" parent="Armature/Skeleton3D/Shoulder_L" index="0"]
layers = 1048575

[node name="Forearm_R_2" parent="Armature/Skeleton3D" index="7"]
transform = Transform3D(0.916449, 0.263635, 0.301032, -0.273979, 0.961701, -0.00814503, -0.291651, -0.0750117, 0.953579, -0.323456, 0.0886289, 0.163204)

[node name="Forearm_R_2" parent="Armature/Skeleton3D/Forearm_R_2" index="0"]
layers = 1048575

[node name="Arm_R_2" parent="Armature/Skeleton3D" index="8"]
transform = Transform3D(0.929473, 0.247702, 0.27336, -0.28603, 0.951885, 0.11001, -0.232958, -0.18044, 0.9556, -0.308392, 0.0925485, 0.255544)

[node name="Arm_R_2" parent="Armature/Skeleton3D/Arm_R_2" index="0"]
layers = 1048575

[node name="Shoulder_R" parent="Armature/Skeleton3D" index="9"]
transform = Transform3D(0.929473, 0.247702, 0.27336, -0.28603, 0.951885, 0.11001, -0.232958, -0.18044, 0.9556, -0.308392, 0.0925485, 0.255544)

[node name="Shoulder_R" parent="Armature/Skeleton3D/Shoulder_R" index="0"]
layers = 1048575

[node name="Chest_2" parent="Armature/Skeleton3D" index="10"]
transform = Transform3D(1, 1.66737e-09, -6.59781e-09, -1.4976e-09, 0.999671, 0.0256469, 6.63841e-09, -0.0256469, 0.999671, -2.38651e-09, -0.00182354, 0.0305782)

[node name="Chest_2" parent="Armature/Skeleton3D/Chest_2" index="0"]
layers = 1048575

[node name="Torso_2" parent="Armature/Skeleton3D" index="11"]
transform = Transform3D(1, -1.08655e-17, 2.66004e-19, 1.08655e-17, 0.998802, -0.0489339, 2.66006e-19, 0.0489339, 0.998802, 7.54987e-18, -0.0010227, -0.0459591)

[node name="Torso_2" parent="Armature/Skeleton3D/Torso_2" index="0"]
layers = 1048575

[node name="Calf_L_2" parent="Armature/Skeleton3D" index="12"]
transform = Transform3D(0.995511, 0.0604544, -0.0727109, -0.0585105, 0.997878, 0.0285689, 0.0742833, -0.0241865, 0.996944, -0.0483811, -0.00680506, 0.00989212)

[node name="Calf_L_2" parent="Armature/Skeleton3D/Calf_L_2" index="0"]
layers = 1048575

[node name="Calf_R_2" parent="Armature/Skeleton3D" index="13"]
transform = Transform3D(0.99605, -0.0570374, 0.0679315, 0.0548843, 0.997943, 0.0331454, -0.0696818, -0.0292864, 0.997139, 0.0455867, -0.00657028, 0.0129569)

[node name="Calf_R_2" parent="Armature/Skeleton3D/Calf_R_2" index="0"]
layers = 1048575

[node name="Hand_L_2" parent="Armature/Skeleton3D" index="14"]
transform = Transform3D(0.889888, -0.456179, -2.23517e-08, 0.455931, 0.889403, 0.0329987, -0.0150533, -0.0293652, 0.999455, 0.465598, 0.211306, 0.0159482)

[node name="Hand_L_2" parent="Armature/Skeleton3D/Hand_L_2" index="0"]
layers = 1048575

[node name="Shoe_L_2" parent="Armature/Skeleton3D" index="15"]
transform = Transform3D(0.968329, -5.20535e-08, 0.249677, 5.19309e-08, 1, -5.0664e-07, -0.249677, 2.97253e-08, 0.968329, -0.0504739, -7.45058e-08, -0.0258434)

[node name="Shoe_L_2" parent="Armature/Skeleton3D/Shoe_L_2" index="0"]
layers = 1048575

[node name="Hand_R_2" parent="Armature/Skeleton3D" index="16"]
transform = Transform3D(0.942293, 0.334789, 1.15484e-07, -0.332368, 0.935477, -0.120063, -0.0401958, 0.113134, 0.992766, -0.381431, 0.13636, -0.0872244)

[node name="Hand_R_2" parent="Armature/Skeleton3D/Hand_R_2" index="0"]
layers = 1048575

[node name="Shoe_R_2" parent="Armature/Skeleton3D" index="17"]
transform = Transform3D(0.987182, 1.72032e-07, -0.1596, -1.41338e-07, 1, -2.68221e-07, 0.1596, -1.70565e-07, 0.987182, 0.0438159, -1.63913e-07, -0.014476)

[node name="Shoe_R_2" parent="Armature/Skeleton3D/Shoe_R_2" index="0"]
layers = 1048575

[node name="Dress" parent="Armature/Skeleton3D" index="18"]
layers = 1048575

[node name="AnimationTree" type="AnimationTree" parent="." index="2"]
tree_root = SubResource("AnimationNodeStateMachine_y666b")
anim_player = NodePath("../AnimationPlayer")
parameters/IdleWalk/blend_position = 0.0

[node name="CollisionShape3D" type="CollisionShape3D" parent="." index="3"]
transform = Transform3D(1, 0, 0, 0, 1, 0, 0, 0, 1, 0, 0.843597, 0)
shape = SubResource("CapsuleShape3D_jtvge")
